0 18 7
0 18 76
0 14 86
0 8 39
1 20 35
1 27 87
2 8 93
2 16 38
3 11 40
3 27 1
4 24 72
4 18 30
4 9 30
4 14 36
5 16 93
5 23 76
6 18 69
6 12 86
6 1 34
6 19 51
6 12 90
7 19 22
7 3 93
7 22 58
7 8 62
8 18 65
9 21 70
9 22 77
9 18 59
9 24 97
10 23 75
10 11 46
10 11 50
13 27 69
13 12 51
13 3 47
13 12 97
14 15 82
15 23 30
15 17 87
15 3 97
16 20 100
16 2 81
16 12 58
17 14 81
17 23 53
17 9 83
21 15 46
21 26 44
21 11 68
22 0 32
23 29 47
25 26 17
26 11 21
26 4 14
26 25 91
27 11 58
28 6 9
28 21 84
28 27 17
28 15 63
29 22 79
29 27 90
29 2 95
