0 18 7
0 18 76
0 14 86
0 8 39
1 20 35
1 27 87
2 8 93
2 16 38
2 31 60
2 24 36
2 33 1
3 11 40
3 27 1
3 4 98
3 23 68
3 31 48
3 17 48
4 24 72
4 18 30
4 9 30
4 14 36
4 23 83
4 1 5
4 13 74
5 16 93
5 23 76
5 31 18
5 26 62
6 18 69
6 12 86
6 1 34
6 19 51
6 12 90
6 17 88
6 10 73
6 11 68
6 24 31
7 19 22
7 3 93
7 22 58
7 8 62
7 0 38
7 24 34
7 3 85
8 18 65
8 7 10
8 18 97
9 21 70
9 22 77
9 18 59
9 24 97
9 18 74
9 21 5
9 27 100
10 23 75
10 11 46
10 11 50
11 22 36
11 16 8
12 17 25
12 21 5
13 27 69
13 12 51
13 3 47
13 12 97
13 2 46
13 3 41
14 15 82
14 33 69
14 7 48
15 23 30
15 17 87
15 3 97
15 23 13
15 20 79
15 1 24
15 26 58
16 20 100
16 2 81
16 12 58
17 14 81
17 23 53
17 9 83
17 13 60
18 8 25
18 6 23
19 16 58
19 0 69
19 30 44
19 15 57
20 14 64
21 15 46
21 26 44
21 11 68
22 0 32
22 12 81
22 15 89
23 29 47
25 26 17
25 26 61
25 18 36
25 14 16
25 16 54
26 11 21
26 4 14
26 25 91
26 31 86
27 11 58
28 6 9
28 21 84
28 27 17
28 15 63
28 29 52
28 20 78
28 27 51
28 9 17
29 22 79
29 27 90
29 2 95
32 16 73
33 29 86
33 0 64
34 7 75
34 27 91
34 33 62
