0 18 7
0 18 76
0 14 86
0 8 39
0 29 64
0 19 97
0 10 66
1 20 35
1 27 87
1 34 99
1 31 15
2 8 93
2 16 38
2 31 60
2 24 36
2 33 1
2 6 86
2 33 60
3 11 40
3 27 1
3 4 98
3 23 68
3 31 48
3 17 48
3 19 64
3 27 6
4 24 72
4 18 30
4 9 30
4 14 36
4 23 83
4 1 5
4 13 74
4 19 84
4 2 86
4 30 97
4 30 33
4 33 91
5 16 93
5 23 76
5 31 18
5 26 62
5 33 53
5 24 71
5 17 78
5 22 70
6 18 69
6 12 86
6 1 34
6 19 51
6 12 90
6 17 88
6 10 73
6 11 68
6 24 31
6 38 25
7 19 22
7 3 93
7 22 58
7 8 62
7 0 38
7 24 34
7 3 85
7 2 48
7 6 22
8 18 65
8 7 10
8 18 97
8 9 19
8 29 99
8 37 22
9 21 70
9 22 77
9 18 59
9 24 97
9 18 74
9 21 5
9 27 100
9 27 27
10 23 75
10 11 46
10 11 50
10 26 17
11 22 36
11 16 8
11 1 48
11 16 100
11 12 14
11 23 71
12 17 25
12 21 5
12 32 67
12 22 55
13 27 69
13 12 51
13 3 47
13 12 97
13 2 46
13 3 41
13 2 42
13 39 73
14 15 82
14 33 69
14 7 48
14 11 99
14 26 86
14 15 60
14 23 75
15 23 30
15 17 87
15 3 97
15 23 13
15 20 79
15 1 24
15 26 58
15 19 16
16 20 100
16 2 81
16 12 58
16 2 89
17 14 81
17 23 53
17 9 83
17 13 60
17 34 98
17 26 56
18 8 25
18 6 23
18 27 69
18 3 45
18 35 3
18 2 6
18 12 77
19 16 58
19 0 69
19 30 44
19 15 57
20 14 64
20 17 39
20 6 72
20 21 91
20 0 87
20 16 99
21 15 46
21 26 44
21 11 68
21 8 79
21 0 25
21 13 57
22 0 32
22 12 81
22 15 89
23 29 47
23 2 5
24 28 88
24 9 81
25 26 17
25 26 61
25 18 36
25 14 16
25 16 54
25 24 10
25 27 26
25 35 4
25 3 21
25 27 93
26 11 21
26 4 14
26 25 91
26 31 86
26 12 38
27 11 58
28 6 9
28 21 84
28 27 17
28 15 63
28 29 52
28 20 78
28 27 51
28 9 17
28 37 6
28 4 37
29 22 79
29 27 90
29 2 95
29 12 48
31 33 34
31 33 76
31 26 10
31 6 78
32 16 73
32 8 25
32 5 60
32 38 52
32 13 60
33 29 86
33 0 64
34 7 75
34 27 91
34 33 62
35 28 24
35 1 19
35 38 88
36 29 3
36 38 61
36 20 52
36 7 38
36 33 26
37 14 33
37 13 45
39 35 68
39 0 64
39 16 5
