0 18 7
0 18 76
0 14 86
0 8 39
0 29 64
0 19 97
0 10 66
0 11 96
1 20 35
1 27 87
1 34 99
1 31 15
1 3 93
1 24 91
1 26 93
2 8 93
2 16 38
2 31 60
2 24 36
2 33 1
2 6 86
2 33 60
2 0 98
3 11 40
3 27 1
3 4 98
3 23 68
3 31 48
3 17 48
3 19 64
3 27 6
4 24 72
4 18 30
4 9 30
4 14 36
4 23 83
4 1 5
4 13 74
4 19 84
4 2 86
4 30 97
4 30 33
4 33 91
4 16 93
5 16 93
5 23 76
5 31 18
5 26 62
5 33 53
5 24 71
5 17 78
5 22 70
5 4 95
5 15 95
6 18 69
6 12 86
6 1 34
6 19 51
6 12 90
6 17 88
6 10 73
6 11 68
6 24 31
6 38 25
6 15 96
7 19 22
7 3 93
7 22 58
7 8 62
7 0 38
7 24 34
7 3 85
7 2 48
7 6 22
7 20 91
8 18 65
8 7 10
8 18 97
8 9 19
8 29 99
8 37 22
8 14 98
8 19 98
8 16 97
9 21 70
9 22 77
9 18 59
9 24 97
9 18 74
9 21 5
9 27 100
9 27 27
9 2 93
10 23 75
10 11 46
10 11 50
10 26 17
10 24 92
11 22 36
11 16 8
11 1 48
11 16 100
11 12 14
11 23 71
11 39 100
12 17 25
12 21 5
12 32 67
12 22 55
12 16 95
12 39 90
12 23 99
13 27 69
13 12 51
13 3 47
13 12 97
13 2 46
13 3 41
13 2 42
13 39 73
13 33 93
13 36 96
13 36 98
14 15 82
14 33 69
14 7 48
14 11 99
14 26 86
14 15 60
14 23 75
15 23 30
15 17 87
15 3 97
15 23 13
15 20 79
15 1 24
15 26 58
15 19 16
16 20 100
16 2 81
16 12 58
16 2 89
17 14 81
17 23 53
17 9 83
17 13 60
17 34 98
17 26 56
17 12 94
17 29 99
17 15 99
18 8 25
18 6 23
18 27 69
18 3 45
18 35 3
18 2 6
18 12 77
18 7 99
19 16 58
19 0 69
19 30 44
19 15 57
20 14 64
20 17 39
20 6 72
20 21 91
20 0 87
20 16 99
21 15 46
21 26 44
21 11 68
21 8 79
21 0 25
21 13 57
21 9 92
21 31 99
21 0 91
22 0 32
22 12 81
22 15 89
22 9 91
22 30 92
23 29 47
23 2 5
23 20 93
24 28 88
24 9 81
25 26 17
25 26 61
25 18 36
25 14 16
25 16 54
25 24 10
25 27 26
25 35 4
25 3 21
25 27 93
25 8 97
25 19 95
25 37 99
26 11 21
26 4 14
26 25 91
26 31 86
26 12 38
26 2 98
27 11 58
27 0 90
28 6 9
28 21 84
28 27 17
28 15 63
28 29 52
28 20 78
28 27 51
28 9 17
28 37 6
28 4 37
28 31 100
28 31 97
28 31 92
29 22 79
29 27 90
29 2 95
29 12 48
29 31 90
31 33 34
31 33 76
31 26 10
31 6 78
32 16 73
32 8 25
32 5 60
32 38 52
32 13 60
32 28 93
32 12 91
32 18 96
33 29 86
33 0 64
33 4 98
34 7 75
34 27 91
34 33 62
34 6 97
34 20 93
34 17 96
35 28 24
35 1 19
35 38 88
35 40 91
36 29 3
36 38 61
36 20 52
36 7 38
36 33 26
37 14 33
37 13 45
38 28 93
38 8 94
38 13 94
39 35 68
39 0 64
39 16 5
40 37 96
40 0 95
41 22 100
41 7 97
42 9 95
43 26 100
43 44 98
44 2 96
